0.054848 0.000979 0.000979 0.000979 0.106758 0.000979 0.000979 0.101861 0.000979 0.041136 0.000979 0.000979 0.046033 0.000979 0.062684 0.000979 0.028404 0.119491 0.000979 0.000979 0.427032 
0.000979 0.852106 0.000979 0.000979 0.000979 0.000979 0.000979 0.000979 0.000979 0.000979 0.000979 0.000979 0.000979 0.000979 0.000979 0.000979 0.000979 0.000979 0.000979 0.000979 0.129285 
0.047013 0.000979 0.028404 0.079334 0.037218 0.030362 0.024486 0.014691 0.054848 0.144956 0.025465 0.041136 0.001959 0.042116 0.065622 0.121450 0.041136 0.030362 0.010774 0.030362 0.127326 
0.047992 0.000979 0.021548 0.088149 0.024486 0.016650 0.015671 0.007835 0.042116 0.328110 0.036239 0.006856 0.011753 0.159647 0.008815 0.024486 0.010774 0.021548 0.000979 0.007835 0.117532 
0.048972 0.000979 0.037218 0.053869 0.002938 0.014691 0.004897 0.004897 0.049951 0.011753 0.004897 0.010774 0.516161 0.039177 0.017630 0.040157 0.012733 0.014691 0.001959 0.000979 0.110676 
0.121450 0.000979 0.007835 0.022527 0.015671 0.011753 0.021548 0.032321 0.122429 0.096964 0.038198 0.010774 0.204701 0.011753 0.041136 0.028404 0.005877 0.076396 0.001959 0.021548 0.105779 
0.060725 0.006856 0.284035 0.154750 0.010774 0.001959 0.011753 0.012733 0.051910 0.023506 0.006856 0.042116 0.017630 0.036239 0.025465 0.051910 0.022527 0.078355 0.000979 0.007835 0.091087 
0.060725 0.000979 0.029383 0.081293 0.014691 0.007835 0.005877 0.037218 0.052889 0.014691 0.008815 0.023506 0.111655 0.037218 0.055828 0.095984 0.173359 0.087169 0.005877 0.022527 0.072478 
0.009794 0.000979 0.017630 0.022527 0.000979 0.820764 0.002938 0.002938 0.006856 0.002938 0.000979 0.003918 0.004897 0.003918 0.012733 0.020568 0.009794 0.004897 0.000979 0.001959 0.047013 
0.014691 0.000979 0.047992 0.045054 0.007835 0.012733 0.018609 0.035260 0.038198 0.046033 0.008815 0.046033 0.330069 0.024486 0.075416 0.094025 0.058766 0.045054 0.001959 0.016650 0.031342 
0.003918 0.826641 0.001959 0.001959 0.000979 0.101861 0.000979 0.000979 0.001959 0.002938 0.001959 0.001959 0.003918 0.000979 0.001959 0.003918 0.005877 0.000979 0.000979 0.002938 0.030362 
0.044074 0.000979 0.048972 0.035260 0.033301 0.077375 0.022527 0.002938 0.122429 0.043095 0.016650 0.076396 0.018609 0.040157 0.241920 0.071499 0.052889 0.009794 0.000979 0.016650 0.023506 
0.306562 0.000979 0.069540 0.066601 0.006856 0.209598 0.014691 0.011753 0.025465 0.014691 0.011753 0.065622 0.032321 0.038198 0.011753 0.050930 0.015671 0.015671 0.000979 0.008815 0.021548 
0.058766 0.000979 0.033301 0.019589 0.069540 0.052889 0.037218 0.022527 0.038198 0.072478 0.045054 0.095005 0.014691 0.037218 0.050930 0.126347 0.036239 0.031342 0.016650 0.126347 0.014691 
0.030362 0.000979 0.013712 0.055828 0.137120 0.006856 0.022527 0.155730 0.043095 0.117532 0.057786 0.019589 0.015671 0.050930 0.037218 0.057786 0.049951 0.086190 0.003918 0.026445 0.010774 
0.025465 0.001959 0.028404 0.068560 0.014691 0.008815 0.016650 0.036239 0.069540 0.063663 0.006856 0.038198 0.207640 0.058766 0.083252 0.059745 0.114594 0.052889 0.004897 0.028404 0.010774 
0.064643 0.001959 0.001959 0.001959 0.008815 0.027424 0.017630 0.007835 0.090108 0.031342 0.031342 0.011753 0.000979 0.024486 0.548482 0.056807 0.012733 0.025465 0.004897 0.018609 0.010774 
0.006856 0.000979 0.000979 0.000979 0.223310 0.000979 0.003918 0.011753 0.000979 0.000979 0.000979 0.000979 0.000979 0.000979 0.000979 0.006856 0.001959 0.004897 0.420176 0.301665 0.007835 
0.079334 0.000979 0.000979 0.000979 0.170421 0.021548 0.047013 0.001959 0.003918 0.006856 0.002938 0.003918 0.000979 0.002938 0.025465 0.043095 0.040157 0.008815 0.031342 0.497551 0.008815 
0.002938 0.001959 0.000979 0.000979 0.330069 0.000979 0.010774 0.000979 0.000979 0.001959 0.002938 0.000979 0.000979 0.000979 0.000979 0.000979 0.000979 0.000979 0.015671 0.614104 0.007835 
0.004897 0.000979 0.439765 0.015671 0.000979 0.003918 0.014691 0.001959 0.012733 0.003918 0.000979 0.419197 0.001959 0.000979 0.013712 0.035260 0.000979 0.009794 0.000979 0.009794 0.006856 
0.098923 0.002938 0.010774 0.019589 0.009794 0.014691 0.029383 0.034280 0.069540 0.032321 0.027424 0.051910 0.191969 0.049951 0.046033 0.145935 0.055828 0.050930 0.006856 0.023506 0.027424 
0.083252 0.004897 0.113614 0.122429 0.013712 0.022527 0.015671 0.023506 0.083252 0.031342 0.003918 0.045054 0.009794 0.077375 0.066601 0.095984 0.094025 0.061704 0.001959 0.012733 0.016650 
0.054848 0.001959 0.044074 0.064643 0.000979 0.010774 0.010774 0.024486 0.080313 0.031342 0.002938 0.035260 0.001959 0.043095 0.061704 0.190010 0.290891 0.022527 0.000979 0.023506 0.002938 
0.016650 0.000979 0.044074 0.036239 0.009794 0.244858 0.039177 0.000979 0.146915 0.018609 0.040157 0.169442 0.000979 0.087169 0.102840 0.021548 0.006856 0.005877 0.002938 0.001959 0.001959 
0.066601 0.003918 0.027424 0.099902 0.004897 0.023506 0.019589 0.025465 0.188051 0.024486 0.014691 0.031342 0.000979 0.137120 0.126347 0.081293 0.095984 0.023506 0.000979 0.001959 0.001959 
0.000979 0.975514 0.000979 0.000979 0.000979 0.000979 0.000979 0.000979 0.000979 0.000979 0.000979 0.000979 0.002938 0.000979 0.001959 0.000979 0.000979 0.000979 0.000979 0.001959 0.001959 
0.045054 0.000979 0.029383 0.232125 0.021548 0.006856 0.035260 0.043095 0.112635 0.064643 0.014691 0.010774 0.000979 0.097943 0.066601 0.037218 0.044074 0.119491 0.000979 0.012733 0.002938 
0.056807 0.001959 0.012733 0.150833 0.008815 0.012733 0.011753 0.024486 0.050930 0.040157 0.034280 0.016650 0.147894 0.111655 0.098923 0.096964 0.065622 0.028404 0.005877 0.005877 0.016650 
0.003918 0.003918 0.004897 0.002938 0.844270 0.003918 0.000979 0.005877 0.007835 0.013712 0.012733 0.002938 0.000979 0.005877 0.001959 0.006856 0.006856 0.009794 0.002938 0.040157 0.016650 
0.015671 0.000979 0.010774 0.032321 0.061704 0.004897 0.023506 0.211557 0.062684 0.043095 0.026445 0.036239 0.010774 0.040157 0.026445 0.040157 0.140059 0.092067 0.070519 0.040157 0.009794 
0.011753 0.000979 0.008815 0.001959 0.105779 0.012733 0.009794 0.013712 0.005877 0.001959 0.000979 0.001959 0.006856 0.001959 0.004897 0.024486 0.011753 0.003918 0.047992 0.714985 0.006856 
0.012733 0.005877 0.033301 0.012733 0.004897 0.530852 0.006856 0.003918 0.022527 0.022527 0.003918 0.036239 0.003918 0.012733 0.036239 0.133203 0.079334 0.003918 0.002938 0.014691 0.016650 
0.011753 0.000979 0.006856 0.007835 0.003918 0.852106 0.004897 0.002938 0.006856 0.004897 0.000979 0.028404 0.007835 0.003918 0.018609 0.012733 0.004897 0.003918 0.001959 0.006856 0.006856 
0.009794 0.845250 0.003918 0.007835 0.005877 0.009794 0.001959 0.005877 0.008815 0.028404 0.005877 0.001959 0.000979 0.013712 0.010774 0.004897 0.008815 0.010774 0.003918 0.005877 0.004897 
0.027424 0.003918 0.069540 0.068560 0.009794 0.353575 0.041136 0.000979 0.078355 0.046033 0.020568 0.030362 0.012733 0.077375 0.068560 0.032321 0.015671 0.004897 0.004897 0.026445 0.006856 
0.026445 0.000979 0.009794 0.015671 0.001959 0.785504 0.005877 0.005877 0.016650 0.008815 0.000979 0.009794 0.011753 0.004897 0.013712 0.034280 0.024486 0.009794 0.000979 0.003918 0.007835 
0.008815 0.000979 0.010774 0.016650 0.001959 0.031342 0.004897 0.005877 0.015671 0.000979 0.002938 0.779628 0.001959 0.002938 0.012733 0.041136 0.047992 0.003918 0.000979 0.003918 0.003918 
0.155730 0.005877 0.066601 0.112635 0.004897 0.122429 0.002938 0.001959 0.078355 0.026445 0.008815 0.047013 0.033301 0.090108 0.103820 0.082272 0.015671 0.002938 0.003918 0.007835 0.026445 
0.000979 0.000979 0.001959 0.000979 0.000979 0.009794 0.000979 0.001959 0.003918 0.000979 0.001959 0.940255 0.000979 0.010774 0.006856 0.000979 0.002938 0.004897 0.000979 0.000979 0.004897 
0.006856 0.003918 0.009794 0.001959 0.019589 0.008815 0.022527 0.027424 0.028404 0.029383 0.004897 0.507346 0.004897 0.025465 0.237023 0.036239 0.007835 0.003918 0.000979 0.008815 0.003918 
0.000979 0.000979 0.000979 0.000979 0.894221 0.000979 0.002938 0.000979 0.000979 0.000979 0.000979 0.000979 0.000979 0.000979 0.000979 0.001959 0.000979 0.000979 0.012733 0.068560 0.004897 
0.067581 0.003918 0.076396 0.174339 0.017630 0.058766 0.027424 0.023506 0.092067 0.096964 0.025465 0.032321 0.065622 0.041136 0.035260 0.054848 0.018609 0.033301 0.003918 0.044074 0.006856 
0.009794 0.001959 0.061704 0.007835 0.009794 0.002938 0.003918 0.000979 0.013712 0.006856 0.001959 0.035260 0.000979 0.001959 0.021548 0.345739 0.460333 0.001959 0.000979 0.002938 0.006856 
0.018609 0.002938 0.008815 0.182174 0.033301 0.001959 0.012733 0.053869 0.174339 0.176298 0.032321 0.005877 0.005877 0.087169 0.111655 0.014691 0.002938 0.014691 0.010774 0.042116 0.006856 
0.092067 0.000979 0.101861 0.353575 0.004897 0.017630 0.020568 0.006856 0.085211 0.017630 0.004897 0.038198 0.001959 0.106758 0.038198 0.043095 0.030362 0.011753 0.002938 0.012733 0.007835 
0.093046 0.004897 0.157689 0.378061 0.000979 0.004897 0.027424 0.024486 0.034280 0.027424 0.003918 0.020568 0.000979 0.064643 0.007835 0.049951 0.046033 0.016650 0.000979 0.025465 0.009794 
0.000979 0.968658 0.000979 0.000979 0.000979 0.001959 0.000979 0.000979 0.000979 0.000979 0.000979 0.000979 0.000979 0.000979 0.001959 0.000979 0.000979 0.000979 0.000979 0.000979 0.010774 
0.009794 0.000979 0.016650 0.285994 0.002938 0.001959 0.011753 0.032321 0.082272 0.087169 0.113614 0.037218 0.000979 0.142018 0.091087 0.013712 0.028404 0.021548 0.002938 0.005877 0.010774 
0.100881 0.009794 0.063663 0.109696 0.016650 0.022527 0.028404 0.004897 0.119491 0.025465 0.005877 0.087169 0.001959 0.089128 0.123408 0.089128 0.041136 0.019589 0.009794 0.013712 0.017630 
0.125367 0.000979 0.010774 0.029383 0.047992 0.000979 0.031342 0.052889 0.085211 0.040157 0.021548 0.027424 0.001959 0.032321 0.047992 0.046033 0.250735 0.064643 0.000979 0.049951 0.031342 
0.000979 0.950049 0.000979 0.000979 0.000979 0.000979 0.000979 0.000979 0.000979 0.000979 0.000979 0.000979 0.000979 0.000979 0.000979 0.000979 0.000979 0.000979 0.000979 0.000979 0.031342 
0.000979 0.000979 0.000979 0.000979 0.000979 0.112635 0.000979 0.036239 0.105779 0.080313 0.039177 0.000979 0.000979 0.028404 0.095984 0.000979 0.000979 0.072478 0.000979 0.000979 0.417238 
